lfw_5590/Abbas_Kiarostami_0001.jpg 75 165 87 177 106.750000 108.250000 143.750000 108.750000 131.250000 127.250000 106.250000 155.250000 142.750000 155.250000
lfw_5590/Abdel_Madi_Shabneh_0001.jpg 86 162 93 169 104.750000 110.750000 145.750000 114.250000 126.250000 139.750000 104.250000 155.250000 139.250000 159.750000
lfw_5590/Abdoulaye_Wade_0001.jpg 77 177 87 187 98.750000 118.750000 152.750000 116.250000 120.250000 137.750000 106.750000 168.750000 143.750000 169.250000
lfw_5590/Abdullah_Ahmad_Badawi_0001.jpg 84 166 93 175 103.250000 113.250000 143.750000 114.750000 122.750000 139.250000 107.250000 151.250000 143.750000 153.250000
lfw_5590/Abdullah_Nasseef_0001.jpg 83 167 91 175 106.750000 110.750000 143.250000 118.250000 132.750000 137.750000 103.750000 156.750000 131.750000 161.250000
lfw_5590/Abdul_Rahman_0001.jpg 71 174 82 185 103.250000 114.750000 147.250000 111.750000 123.250000 132.250000 108.750000 160.250000 145.750000 157.750000
lfw_5590/Abel_Pacheco_0001.jpg 80 178 83 181 95.750000 108.750000 139.250000 105.250000 114.750000 136.250000 108.750000 156.250000 143.750000 154.250000
lfw_5590/Abid_Hamid_Mahmud_Al-Tikriti_0001.jpg 78 164 87 173 109.250000 114.250000 144.250000 114.250000 122.250000 136.250000 109.750000 151.750000 138.750000 154.250000
lfw_5590/Abraham_Foxman_0001.jpg 80 164 88 171 105.750000 109.250000 144.250000 108.250000 125.750000 130.750000 109.250000 150.250000 136.750000 150.250000
lfw_5590/Aby_Har-Even_0001.jpg 83 167 91 174 105.750000 108.250000 148.750000 114.750000 123.250000 133.750000 103.250000 152.750000 140.250000 158.250000
lfw_5590/Adam_Freier_0001.jpg 74 161 86 173 107.250000 109.250000 148.750000 114.750000 129.250000 136.750000 105.250000 149.250000 134.750000 151.750000
lfw_5590/Adam_Kennedy_0001.jpg 75 170 84 179 99.250000 108.250000 148.750000 109.750000 131.750000 134.250000 103.750000 158.750000 143.250000 159.750000
lfw_5590/Adam_Sandler_0001.jpg 81 167 92 178 105.750000 114.250000 145.750000 111.250000 129.750000 143.750000 117.750000 168.750000 142.750000 166.750000
lfw_5590/Adolfo_Rodriguez_Saa_0001.jpg 81 173 86 178 105.750000 105.250000 149.750000 109.250000 125.250000 129.250000 101.250000 150.250000 144.250000 155.250000
lfw_5590/Adriana_Lima_0001.jpg 88 165 92 170 103.750000 115.250000 148.750000 106.750000 131.750000 139.250000 116.750000 160.250000 148.750000 154.250000
lfw_5590/Adrian_McPherson_0001.jpg 83 168 90 174 106.750000 111.250000 145.250000 111.750000 129.750000 134.250000 109.750000 153.250000 140.250000 153.250000
lfw_5590/Agnes_Bruckner_0001.jpg 92 177 90 174 103.250000 112.750000 146.750000 110.250000 120.750000 138.750000 113.250000 159.750000 144.750000 156.750000
lfw_5590/Ahmad_Jbarah_0001.jpg 75 173 85 182 103.750000 104.750000 148.750000 108.750000 129.250000 136.750000 103.250000 158.750000 142.750000 160.750000
lfw_5590/Ahmad_Masood_0001.jpg 78 156 92 170 100.250000 114.250000 142.250000 114.250000 127.750000 126.750000 108.250000 153.750000 141.250000 153.750000
lfw_5590/Ahmed_Ghazi_0001.jpg 76 169 89 182 104.750000 112.750000 144.250000 114.750000 128.250000 138.750000 105.750000 158.250000 135.750000 160.250000
lfw_5590/Ai_Sugiyama_0001.jpg 79 177 86 183 106.250000 112.750000 151.250000 110.250000 121.750000 144.250000 111.250000 158.750000 156.250000 156.250000
lfw_5590/Akhmed_Zakayev_0001.jpg 86 166 91 172 108.250000 108.250000 145.750000 111.250000 122.750000 137.750000 108.750000 153.250000 135.250000 156.250000
lfw_5590/Alain_Cervantes_0001.jpg 79 172 90 183 105.750000 116.750000 148.750000 118.250000 121.750000 138.250000 108.250000 163.250000 144.750000 165.250000
lfw_5590/Alain_Ducasse_0001.jpg 83 167 95 179 107.750000 118.250000 142.750000 112.750000 124.250000 141.250000 115.250000 149.750000 146.750000 147.250000
lfw_5590/Alan_Ball_0001.jpg 81 168 89 176 103.750000 114.250000 150.750000 113.750000 124.250000 141.250000 108.250000 152.750000 155.250000 150.750000
lfw_5590/Alastair_Campbell_0001.jpg 81 167 90 176 102.750000 107.750000 149.250000 107.250000 128.250000 142.250000 107.250000 157.250000 142.250000 157.250000
lfw_5590/Albert_Pujols_0001.jpg 79 170 90 181 106.250000 112.250000 149.750000 112.750000 129.250000 136.250000 108.750000 153.750000 147.750000 155.250000
lfw_5590/Alejandro_Lopez_0001.jpg 81 162 91 172 109.250000 115.750000 147.750000 108.750000 125.250000 135.250000 113.250000 155.750000 153.250000 151.750000
lfw_5590/Alessandro_Nesta_0001.jpg 79 176 85 182 105.250000 113.250000 148.250000 113.750000 128.250000 143.750000 107.250000 154.250000 142.750000 155.750000
lfw_5590/Alexander_Losyukov_0001.jpg 91 184 91 184 108.250000 115.250000 148.750000 114.250000 117.250000 139.750000 113.750000 167.750000 149.750000 165.750000
lfw_5590/Alexander_Lukashenko_0001.jpg 89 160 98 170 109.750000 118.750000 145.250000 112.750000 134.750000 137.750000 120.250000 155.750000 143.750000 151.750000
lfw_5590/Alexander_Payne_0001.jpg 94 185 91 182 108.250000 114.750000 146.750000 113.250000 115.250000 144.250000 117.250000 170.250000 146.250000 164.750000
lfw_5590/Alexander_Rumyantsev_0001.jpg 75 166 89 179 106.750000 108.750000 147.750000 117.250000 116.250000 135.750000 100.750000 159.250000 134.750000 165.250000
lfw_5590/Alexandra_Pelosi_0001.jpg 81 166 90 175 103.750000 115.250000 135.250000 112.250000 106.250000 129.750000 104.250000 155.250000 136.750000 152.250000
lfw_5590/Alexandra_Stevenson_0001.jpg 90 168 95 172 107.750000 112.750000 143.750000 115.250000 128.250000 136.250000 109.250000 152.750000 139.250000 153.750000
lfw_5590/Alexandre_Vinokourov_0001.jpg 84 165 93 174 106.250000 108.250000 144.750000 107.750000 123.250000 132.250000 109.750000 155.750000 141.250000 155.750000
lfw_5590/Alex_Barros_0001.jpg 79 169 89 179 100.750000 113.750000 148.250000 113.750000 125.250000 138.250000 102.750000 155.250000 147.750000 155.250000
lfw_5590/Alex_Ferguson_0001.jpg 69 172 84 187 104.750000 113.250000 149.750000 116.750000 121.750000 142.250000 101.750000 159.750000 146.750000 161.750000
lfw_5590/Alex_Popov_0001.jpg 82 167 89 175 104.750000 108.750000 142.750000 115.750000 116.750000 132.750000 100.250000 153.250000 135.750000 157.250000
lfw_5590/Alex_Sink_0001.jpg 77 164 90 177 104.750000 115.750000 147.750000 119.250000 127.750000 132.750000 103.250000 158.250000 144.750000 161.250000
lfw_5590/Alfredo_di_Stefano_0001.jpg 91 165 96 170 106.250000 109.750000 149.250000 113.250000 120.750000 137.750000 109.750000 158.250000 144.250000 160.750000
lfw_5590/Alicia_Hollowell_0001.jpg 80 167 90 177 105.750000 108.750000 150.250000 116.750000 124.250000 142.750000 101.750000 154.250000 139.750000 159.750000
lfw_5590/Alison_Lohman_0001.jpg 77 173 88 183 93.250000 118.750000 129.250000 110.750000 102.250000 137.250000 100.750000 161.250000 142.250000 153.750000
lfw_5590/Ali_Adbul_Karim_Madani_0001.jpg 79 162 92 175 107.250000 116.250000 145.750000 110.250000 123.750000 139.250000 109.750000 156.750000 148.250000 151.250000
lfw_5590/Ali_Hammoud_0001.jpg 83 169 91 177 106.250000 112.250000 146.250000 110.250000 127.750000 136.250000 110.250000 160.750000 141.750000 161.750000
lfw_5590/Ali_Khamenei_0001.jpg 71 178 85 192 107.250000 111.250000 150.750000 107.250000 125.750000 136.250000 113.750000 152.750000 148.250000 151.750000
lfw_5590/Ali_Mohammed_Maher_0001.jpg 75 173 83 182 104.750000 111.250000 146.750000 112.250000 128.250000 132.750000 104.750000 154.750000 141.250000 155.250000
lfw_5590/Allen_Rock_0001.jpg 83 172 89 178 102.750000 113.750000 140.750000 109.750000 119.250000 138.750000 112.750000 160.250000 143.750000 157.250000
lfw_5590/Alyson_Hannigan_0001.jpg 80 170 91 182 101.750000 115.750000 147.750000 113.750000 120.750000 141.750000 105.750000 158.750000 150.250000 156.750000
lfw_5590/Amber_Frey_0001.jpg 90 165 94 169 109.250000 114.750000 145.250000 111.750000 129.250000 137.750000 115.750000 150.250000 143.250000 148.250000
lfw_5590/Ambrose_Lee_0001.jpg 82 163 91 172 104.250000 108.750000 145.750000 112.250000 120.250000 130.750000 108.250000 152.250000 138.250000 155.250000
lfw_5590/Amelia_Vega_0001.jpg 83 162 92 171 105.250000 106.250000 147.750000 112.750000 120.750000 131.250000 101.750000 146.750000 139.750000 152.250000
lfw_5590/Amelie_Mauresmo_0001.jpg 86 167 93 174 107.750000 110.750000 147.250000 111.250000 124.750000 124.250000 106.750000 154.750000 142.750000 155.250000
